Variation requested times for machine: watebuhpc-0-11.local:
14
19
21
21
23
25
26
27
28
28
29
30
31
32
32
33
35
36
36
36
37
38
38
39
41
41
41
42
45
46
46
46
46
49
50
50
50
51
51
53
58
58
58
58
58
61
61
61
61
61
61
67
77
77
77
79
80
82
82
82
82
83
83
83
93
93
93
99
99
100
100
100
100
100
100
100
114
114
115
116
116
116
122
122
122
122
122
123
138
138
138
138
138
138
139
139
141
141
141
142
162
162
163
163
163
164
164
164
165
165
166
166
191
194
194
194
194
196
196
196
196
197
197
197
225
225
226
226
226
226
228
229
230
230
230
230
255
256
256
257
257
257
257
257
260
261
262
262
290
291
291
291
295
297
297
297
297
297
297
298
335
336
337
337
337
338
338
338
338
338
338
340
372
372
373
373
374
374
374
374
375
375
375
381
417
417
418
420
421
421
421
422
422
422
423
424
459
459
460
460
463
463
465
466
467
467
468
468
505
506
508
509
511
511
512
512
512
513
515
515
553
558
563
563
563
566
567
567
567
567
567
568
598
609
609
609
613
616
616
616
617
619
620
620
620
663
675
675
675
675
675
676
676
676
676
676
678
717
718
730
731
732
732
732
732
733
733
734
734
774
776
787
787
787
787
788
788
789
792
792
793
834
835
835
840
844
849
850
850
850
850
850
852
899
899
900
900
901
902
902
903
903
904
904
909
964
964
964
964
970
971
971
971
971
972
972
973
1030
1031
1031
1031
1032
1032
1032
1032
1033
1033
1034
1035
1100
1106
1107
1107
1107
1108
1108
1108
1109
1109
1117
1117
1172
1173
1173
1174
1174
1174
1175
1175
1176
1176
1177
1184
1251
1251
1252
1254
1255
1256
1256
1258
1258
1259
1261
1262
1324
1324
1325
1326
1327
1328
1328
1328
1331
1332
1333
1333
1396
1396
1399
1400
1400
1404
1404
1406
1406
1407
1407
1443
1479
1482
1482
1483
1483
1485
1488
1488
1489
1489
1489
1492
1567
1569
1569
1570
1570
1573
1573
1574
1575
1575
1578
1592
1653
1654
1654
1654
1655
1655
Variation requested times for machine: watebuhpc-0-16.local:
18
21
23
25
26
27
28
28
30
30
32
32
34
34
34
36
36
37
37
38
41
41
42
43
43
43
44
45
45
46
47
47
50
51
51
53
53
53
55
56
56
58
58
58
60
60
61
62
62
62
68
68
68
75
76
76
76
76
76
77
77
77
78
78
78
92
92
92
92
92
93
93
93
93
99
100
101
106
113
113
113
113
115
115
115
115
123
123
123
123
136
137
137
137
137
137
138
138
138
139
139
140
162
162
163
163
163
163
163
164
164
166
167
167
189
189
197
198
198
198
198
198
198
199
200
200
220
222
222
227
227
227
227
229
229
229
231
233
249
252
258
258
258
258
259
259
260
261
262
262
270
274
289
291
291
291
292
292
293
293
293
294
299
300
335
335
335
335
336
336
336
336
336
337
339
339
378
378
378
378
378
378
379
379
379
379
381
381
416
416
416
419
420
420
420
421
422
422
423
423
459
460
460
463
463
463
464
464
464
466
466
468
513
516
517
517
517
518
518
518
518
518
519
519
558
559
559
560
560
562
562
562
564
565
566
568
615
615
615
615
616
618
618
618
618
618
619
619
670
670
671
671
672
673
673
674
674
677
678
678
719
719
728
730
730
734
735
736
736
736
737
737
773
773
781
788
789
789
790
790
791
791
793
794
833
834
851
852
852
853
854
854
854
855
855
856
903
904
905
906
907
907
908
908
908
909
909
910
968
969
971
972
974
974
975
975
975
976
976
976
1033
1036
1037
1037
1039
1040
1040
1040
1041
1042
1043
1044
1098
1099
1110
1111
1111
1112
1113
1115
1115
1116
1116
1117
1167
1168
1177
1179
1180
1181
1182
1182
1183
1183
1185
1186
1245
1249
1250
1252
1253
1253
1254
1254
1255
1256
1259
1259
1315
1320
1324
1325
1329
1331
1331
1332
1363
1364
1364
1370
1374
1392
1402
1403
1403
1403
1403
1408
1445
1446
1446
1447
1448
1468
1478
1480
1480
1480
1482
1485
1526
1528
1528
1530
1531
1531
1561
1564
1567
1568
1572
1572
1576
1577
1577
1579
1592
1593
1648
1649
1653
Variation requested times for machine: watebuhpc-0-10.local:
15
20
22
24
24
25
27
27
29
29
31
31
31
33
33
35
36
36
37
37
38
38
39
39
41
41
42
44
45
47
47
47
47
49
49
49
51
51
53
56
56
58
58
58
58
58
59
60
60
60
62
68
68
71
71
72
76
76
76
76
76
77
77
83
83
83
84
84
92
92
92
92
92
93
93
100
101
101
101
101
113
113
113
113
114
114
115
122
123
123
123
123
136
136
136
137
137
137
137
139
139
140
141
141
162
163
164
164
164
165
165
165
166
167
167
167
189
190
197
197
197
198
198
199
199
199
199
200
221
221
226
227
227
228
229
229
231
231
231
233
249
253
256
256
256
256
257
257
258
258
259
259
267
283
288
289
293
294
298
298
298
298
299
299
300
319
323
331
331
332
333
334
334
336
337
337
339
339
365
375
376
377
377
378
379
379
380
380
381
381
382
415
415
417
417
418
420
421
421
422
423
423
424
459
462
463
464
464
464
465
465
466
467
467
467
505
512
512
513
514
514
514
514
516
516
519
519
556
558
562
564
564
564
565
565
565
565
566
566
603
610
610
610
612
612
612
613
614
614
619
621
624
664
671
671
672
672
672
673
674
674
674
677
679
717
728
729
735
735
735
735
736
737
737
737
738
775
789
790
790
791
791
792
793
794
794
795
795
834
834
835
837
837
851
851
852
853
853
855
855
897
898
899
903
905
906
906
907
907
908
910
910
965
966
969
970
972
973
973
974
974
975
976
976
1037
1037
1038
1038
1038
1039
1039
1041
1041
1042
1042
1043
1099
1099
1099
1109
1110
1112
1112
1113
1114
1114
1115
1116
1167
1167
1168
1173
1179
1179
1180
1180
1181
1182
1186
1186
1250
1253
1253
1254
1255
1257
1260
1260
1260
1261
1261
1262
1324
1325
1326
1326
1327
1329
1329
1329
1330
1330
1330
1331
1396
1400
1401
1401
1401
1401
1405
1405
1405
1405
1406
1409
1481
1482
1484
1484
1484
1486
1487
1489
1490
1490
1490
1491
1564
1566
1566
1566
1566
1568
1568
1569
1571
1571
1573
1574
1648
Variation requested times for machine: watebuhpc-0-8.local:
16
21
22
24
25
26
27
28
29
30
31
31
32
33
33
36
36
37
37
37
40
41
41
41
41
41
43
44
44
46
46
46
50
50
51
51
51
51
55
56
56
57
58
58
60
60
61
61
62
62
67
68
68
71
72
76
76
76
77
77
77
77
77
78
83
84
87
92
92
93
93
93
94
94
94
99
100
100
101
113
113
113
114
114
114
114
115
122
123
123
130
136
136
137
137
140
140
141
141
141
141
141
151
162
163
163
164
165
166
166
166
167
167
167
167
189
191
197
197
198
199
199
199
199
199
200
200
222
225
227
227
227
228
228
228
228
230
231
231
249
256
257
258
258
258
261
261
261
261
262
262
274
288
292
292
292
293
294
298
298
299
319
319
320
332
332
333
339
339
339
339
340
340
340
355
355
372
376
377
380
380
380
381
382
382
382
382
406
411
416
416
416
417
417
417
420
422
423
424
449
452
465
465
466
466
467
467
468
468
469
469
469
497
506
513
513
513
514
517
517
517
519
519
520
520
559
559
560
561
563
564
566
567
568
568
569
569
614
616
617
617
617
620
621
622
622
622
622
623
661
663
664
664
664
671
672
673
677
677
679
679
686
715
717
717
718
719
728
729
729
731
731
731
766
774
774
774
775
775
789
790
792
793
794
794
795
835
836
837
838
839
839
854
856
856
856
857
888
897
898
898
898
899
899
911
911
911
911
950
950
963
965
965
969
969
973
977
977
977
978
978
1019
1036
1037
1038
1040
1041
1043
1044
1045
1045
1045
1051
1051
1100
1110
1113
1114
1114
1115
1116
1118
1118
1118
1119
1119
1168
1177
1178
1178
1178
1178
1181
1183
1183
1185
1187
1187
1250
1251
1251
1252
1256
1257
1257
1258
1259
1261
1262
1263
1327
1332
1364
1367
1368
1368
1368
1368
1369
1371
1374
1374
1395
1402
1440
1441
1444
1445
1445
1447
1447
1447
1448
1449
1478
1484
1526
1527
1528
1530
1530
1531
1532
1532
1532
1533
1570
1571
1574
1576
1578
1592
1593
1593
1594
1594
1595
1595
1647
1652
