14
28
42
56
70
84
98
112
126
140
154
168
182
196
210
224
238
252
266
280
294
308
322
336
350
364
378
392
406
420
434
448
462
476
490
504
518
532
546
560
574
588
602
616
630
644
658
672
686
700
714
728
742
756
770
784
798
812
826
840
854
868
882
896
910
924
938
952
966
980
994
1008
1022
1036
1050
1064
1078
1092
1106
1120
1134
1148
1162
1176
1190
1204
1218
1232
1246
1260
1274
1288
1302
1316
1330
1344
1358
1372
1386
1400
1414
1428
1442
1456
1470
1484
1498
1512
1526
1540
1554
1568
1582
1596
1610
1624
1638
1652
1666
1680
1694
1708
1722
1736
1750
1764
1778
1792
1806
1820
1834
1848
1862
1876
1890
1904
1918
1932
1946
1960
1974
1988
2002
2016
2030
2044
2058
2072
2086
2100
2114
2128
2142
2156
2170
2184
2198
2212
2226
2240
2254
2268
2282
2296
2310
2324
2338
2352
2366
2380
2394
2408
2422
2436
2450
2464
2478
2492
2506
2520
2534
2548
2562
2576
2590
2604
2618
2632
2646
2660
2674
2688
2702
2716
2730
2744
2758
2772
2786
2800
2814
2828
2842
2856
2870
2884
2898
2912
2926
2940
2954
2968
2982
2996
3010
3024
3038
3052
3066
3080
3094
3108
3122
3136
3150
3164
3178
3192
3206
3220
3234
3248
3262
3276
3290
3304
3318
3332
3346
3360
3374
3388
3402
3416
3430
3444
3458
3472
3486
3500
3514
3528
3542
3556
3570
3584
3598
3612
3626
3640
3654
3668
3682
3696
3710
3724
3738
3752
3766
3780
3794
3808
3822
3836
3850
3864
3878
3892
3906
3920
3934
3948
3962
3976
3990
4004
4018
4032
4046
4060
4074
4088
4102
4116
4130
4144
4158
4172
4186
4200
4214
4228
4242
4256
4270
4284
4298
4312
4326
4340
4354
4368
4382
4396
4410
4424
4438
4452
4466
4480
4494
4508
4522
4536
4550
4564
4578
4592
4606
4620
4634
4648
4662
4676
4690
4704
4718
4732
4746
4760
4774
4788
4802
4816
4830
4844
4858
4872
4886
4900
4914
4928
4942
4956
4970
4984
4998
5012
5026
5040
5054
5068
5082
5096
5110
5124
5138
5152
5166
5180
5194
5208
5222
5236
5250
5264
5278
5292
5306
5320
5334
5348
5362
5376
5390
5404
5418
5432
5446
5460
5474
5488
5502
5516
5530
5544
5558
5572
5586
5600
5614
5628
5642
5656
5670
5684
5698
5712
5726
5740
5754
5768
5782
5796
5810
5824
5838
5852
5866
5880
5894
5908
5922
5936
5950
5964
5978
5992
6006
6020
6034
6048
6062
6076
6090
6104
6118
6132
6146
6160
6174
6188
6202
6216
6230
6244
6258
6272
6286
6300
6314
6328
6342
6356
6370
6384
6398
6412
6426
6440
6454
6468
6482
6496
6510
6524
6538
6552
6566
6580
6594
6608
6622
6636
6650
6664
6678
6692
6706
6720
