Variation requested times for machine: watebuhpc-0-13.local:
487
490
494
498
501
504
508
510
513
517
523
1203
1223
1233
1236
1248
1252
1257
1271
1279
1296
1306
1307
2083
2096
2102
2104
2105
2109
2122
2133
2142
2142
2148
2149
2901
2926
2937
2946
2947
2953
2961
2964
2968
2971
2973
2977
3782
3810
3814
3819
3822
3827
3832
3833
3839
3847
3851
3857
4623
4644
4657
4665
4674
4680
4688
4701
4702
4713
4724
4726
5532
5541
5554
5560
5568
5585
5587
5594
5607
5612
5618
5624
6421
6447
6458
6470
6489
6496
6497
6507
6508
6513
6518
6521
7271
7293
7296
7337
7348
7350
7359
7363
7369
7370
7372
7377
8138
8161
8165
8171
8175
8177
8186
8218
8221
8225
8239
8244
9095
9098
9102
9113
9119
9125
9131
9136
9147
9157
9157
9161
9960
9976
9978
9980
9990
9998
10008
10019
10020
10038
10077
10077
10872
10876
10881
10894
10899
10908
10910
10925
10933
10937
10979
10980
11729
11757
11759
11769
11787
11808
11809
11810
11815
11818
11827
11830
12602
12631
12654
12669
12672
12673
12702
12708
12713
12722
12723
12724
13552
13589
13597
13605
13608
13614
13618
13625
13630
13634
13638
13643
14475
14479
14480
14492
14497
14499
14517
14521
14522
14524
14527
14561
15390
15410
15417
15435
15444
15461
15465
15467
15468
15478
15486
15490
16347
16383
16391
16404
16408
16415
16419
16422
16434
16435
16443
16445
17290
17300
17306
17319
17324
17333
17336
17337
17348
17365
17382
17383
18253
18257
18259
18276
18290
18302
18309
18314
18316
18319
18323
18333
19188
19189
19214
19215
19223
19236
19244
19260
19264
19271
19286
19288
20159
20167
20171
20180
20184
20186
20192
20205
20207
20213
20221
20228
21075
21094
21099
21118
21121
21130
21136
21142
21150
21151
21168
21176
22074
22076
22079
22094
22095
22105
22110
22113
22121
22123
22126
22132
22974
22989
22996
23046
23047
23057
23066
23075
23081
23089
23098
23099
23949
23952
23966
23979
23985
23993
24001
24023
24025
24028
24041
24057
24908
24916
24920
24928
24933
24936
24940
24951
24974
24976
24987
24990
25917
25925
25929
25933
25941
25944
25946
25953
25969
25972
25974
25976
26854
26875
26876
26879
26887
26902
26911
26930
26942
26947
26950
26953
27834
27843
27854
27877
27890
27897
27900
27905
27913
27931
27934
27940
28874
28885
28910
28929
28946
28950
28952
28953
28979
28996
29003
29005
29882
29915
29916
29931
29948
29956
29968
29980
29988
29990
29992
29994
30909
30912
30922
30960
30962
30967
30983
31002
31017
31023
31025
31030
31910
31913
31989
31990
31997
32008
32010
32013
32034
32048
32049
32051
32981
32991
33006
33009
33038
33042
33049
33053
33054
33057
33063
33086
34012
34043
34044
34062
34067
34074
34078
34084
34100
34102
34104
34115
35008
35013
35038
35050
35052
35060
35062
35088
35093
35117
35119
35126
36078
36088
36109
36113
36133
36140
36152
36160
36177
36179
36186
36188
37066
37073
37108
37112
37127
37137
37150
37155
37171
37210
37212
37340
38096
38118
38123
38127
38132
38136
38151
38164
38170
38184
38211
38219
39143
39161
39166
39175
39186
39189
39203
39205
39222
39228
39230
39258
40152
40209
40226
40237
40243
40247
40273
40281
40283
40299
40309
40323
41253
41263
41275
41291
41293
41302
41312
41350
41361
41363
41365
41380
42272
42305
42311
42317
42325
42333
42379
42391
42395
42398
42428
42439
43373
43396
43406
43416
43433
43451
43466
43498
43507
43514
43523
43529
44410
44454
44463
44465
44471
44473
44475
44492
44513
44545
44550
44552
45530
45554
45556
45563
45577
45579
45608
45619
45649
45653
45655
45667
46577
46609
46633
46643
46645
46652
46664
46677
46688
46693
46724
46743
47702
47712
47725
47754
47760
47762
47789
47791
47795
47797
47812
47820
48742
48767
48775
48792
48794
48801
48808
48810
48839
48845
48853
48868
49835
49839
49862
49885
49896
49898
49907
49909
49922
49948
49950
49954
50937
50951
50981
50983
50995
51009
51015
51029
51044
51046
51066
51222
52005
52009
52031
52048
52074
52112
52114
52119
52123
52125
52127
52157
53040
53045
53068
53086
53129
53137
53146
53155
53184
53201
53208
53217
54142
54162
54182
54185
54218
54225
54245
54266
54268
54281
54295
54304
55288
55305
55333
55354
55359
55364
55378
55393
55402
55404
55416
55421
56411
56416
56417
56423
56450
56459
56466
56496
56504
56506
56522
56548
57562
57574
Variation requested times for machine: watebuhpc-0-11.local:
483
489
494
497
500
503
507
510
513
517
522
1202
1208
1231
1241
1253
1258
1265
1267
1287
1290
1294
1299
2093
2101
2112
2113
2123
2130
2135
2139
2144
2145
2148
2159
2921
2931
2935
2942
2960
2963
2965
2966
2970
2975
2981
2984
3746
3789
3800
3802
3808
3809
3821
3825
3830
3854
3855
3860
4656
4659
4666
4679
4683
4704
4706
4714
4715
4729
4730
4731
5563
5565
5570
5573
5578
5598
5599
5606
5611
5620
5625
5626
6454
6460
6462
6464
6465
6468
6475
6480
6482
6482
6502
6520
7276
7309
7314
7325
7340
7345
7347
7371
7375
7379
7381
7382
8159
8170
8181
8185
8198
8211
8213
8214
8230
8231
8237
8246
9073
9075
9083
9094
9107
9108
9117
9120
9121
9126
9152
9159
9968
9969
9983
9985
9987
10000
10002
10016
10022
10027
10039
10074
10849
10863
10889
10900
10901
10903
10907
10912
10922
10926
10938
10981
11755
11761
11762
11777
11779
11781
11796
11797
11807
11814
11825
11829
12634
12643
12645
12650
12657
12674
12681
12683
12684
12689
12694
12726
13556
13566
13568
13577
13587
13591
13593
13604
13619
13621
13633
13635
14454
14493
14494
14514
14515
14516
14520
14551
14555
14556
14559
14565
15405
15425
15440
15443
15452
15460
15470
15471
15475
15483
15493
15495
16342
16358
16366
16377
16385
16394
16401
16423
16432
16437
16442
16448
17279
17294
17328
17340
17349
17350
17352
17358
17376
17377
17384
17385
18204
18232
18237
18243
18245
18255
18272
18294
18296
18321
18334
18335
19175
19199
19201
19218
19221
19227
19239
19240
19243
19249
19251
19287
20149
20154
20156
20160
20164
20173
20177
20183
20187
20189
20203
20209
21073
21078
21088
21148
21159
21160
21163
21164
21169
21174
21189
21192
22039
22043
22044
22050
22053
22057
22067
22072
22086
22115
22133
22136
22983
22990
23012
23021
23033
23048
23053
23056
23062
23067
23068
23102
23967
23987
23994
23995
24010
24014
24039
24040
24053
24054
24060
24061
24876
24883
24895
24935
24939
24942
24945
24952
24957
24965
24979
24984
25857
25875
25890
25893
25907
25914
25916
25923
25939
25942
25964
25971
26832
26845
26870
26898
26899
26904
26906
26913
26918
26927
26943
26951
27826
27830
27840
27856
27864
27873
27876
27883
27893
27903
27920
27936
28888
28892
28907
28923
28931
28949
28955
28963
28964
28966
28970
28981
29892
29922
29937
29945
29953
29965
29971
29978
29984
30002
30005
30012
30915
30931
30939
30940
30946
30953
30964
30989
30994
31012
31128
31129
31950
31974
31978
31992
31999
32024
32032
32053
32054
32056
32058
32059
32934
32937
32945
32959
32989
32997
33000
33059
33082
33092
33100
33102
33989
33995
34003
34007
34031
34060
34072
34082
34105
34108
34110
34176
35020
35025
35041
35043
35069
35084
35108
35125
35145
35149
35152
35160
36018
36052
36061
36066
36093
36100
36102
36123
36148
36153
36175
36183
37115
37130
37173
37188
37195
37201
37203
37218
37219
37333
37335
37337
38083
38093
38110
38146
38168
38177
38204
38206
38216
38217
38223
38224
39129
39171
39214
39216
39220
39226
39237
39242
39246
39250
39254
39269
40165
40167
40224
40228
40242
40249
40254
40266
40269
40271
40288
40306
41260
41268
41270
41280
41288
41295
41320
41324
41326
41334
41356
41359
42290
42310
42316
42331
42340
42350
42352
42393
42407
42414
42416
42429
43419
43420
43422
43436
43441
43443
43489
43492
43500
43508
43512
43527
44415
44490
44494
44506
44510
44518
44529
44537
44558
44573
44574
44576
45501
45507
45551
45589
45600
45620
45628
45637
45645
45650
45661
45682
46570
46618
46668
46675
46695
46698
46701
46722
46730
46739
46745
46750
47685
47693
47704
47723
47737
47741
47748
47783
47803
47808
47816
47822
48731
48737
48755
48757
48759
48777
48797
48812
48832
48855
48862
48866
49789
49827
49855
49874
49879
49916
49920
49929
49942
49944
49946
50110
50931
50949
50985
50999
51017
51023
51025
51031
51038
51040
51042
51224
52019
52029
52038
52041
52045
52061
52065
52087
52109
52135
52137
52146
53053
53058
53066
53120
53139
53161
53176
53178
53190
53197
53212
53215
54177
54189
54192
54195
54216
54234
54236
54241
54247
54290
54297
54310
55274
55278
55280
55285
55290
55300
55347
55366
55384
55400
55409
55425
56406
56429
56443
56477
56482
56489
56510
56513
56516
56518
56529
56543
57524
57545
57547
57555
Variation requested times for machine: watebuhpc-0-14.local:
482
489
493
497
500
503
506
509
512
516
519
530
1213
1228
1239
1247
1255
1262
1268
1270
1288
1291
1293
1306
2067
2085
2090
2095
2097
2099
2110
2119
2124
2127
2134
2135
2906
2910
2911
2925
2930
2939
2942
2947
2949
2955
2956
2958
3767
3795
3798
3811
3813
3816
3835
3836
3839
3845
3846
3852
4677
4690
4692
4699
4703
4705
4706
4707
4711
4720
4720
4727
5535
5549
5574
5580
5589
5592
5595
5597
5604
5605
5610
5615
6419
6451
6453
6463
6469
6474
6502
6503
6512
6517
6519
6522
7317
7326
7339
7349
7351
7355
7364
7365
7366
7368
7378
7380
8154
8202
8204
8214
8216
8223
8227
8232
8236
8241
8242
8249
9068
9072
9080
9089
9109
9123
9133
9138
9144
9149
9156
9160
9953
9975
9977
9988
9994
10006
10011
10025
10031
10032
10075
10078
10840
10844
10862
10879
10896
10897
10902
10914
10920
10934
10977
10978
11730
11739
11767
11792
11794
11804
11805
11822
11824
11828
11834
11835
12629
12635
12649
12652
12685
12686
12699
12706
12710
12717
12719
12725
13545
13579
13580
13582
13613
13615
13620
13622
13624
13629
13632
13639
14483
14484
14486
14489
14495
14501
14504
14519
14546
14557
14563
14564
15394
15397
15398
15421
15434
15442
15447
15454
15457
15479
15491
15499
16323
16381
16388
16397
16400
16405
16406
16409
16427
16431
16447
16452
17303
17313
17320
17323
17326
17327
17330
17342
17360
17364
17366
17371
18239
18254
18266
18280
18282
18286
18289
18300
18307
18312
18317
18325
19231
19232
19237
19241
19253
19255
19256
19272
19275
19279
19280
19283
20134
20139
20162
20176
20178
20181
20194
20217
20227
20231
20233
20237
21070
21104
21108
21112
21126
21141
21154
21177
21178
21181
21185
21186
21988
21999
22003
22035
22063
22084
22088
22090
22100
22117
22122
22135
22966
23006
23019
23029
23031
23039
23051
23058
23077
23087
23094
23096
23955
23958
23973
24007
24009
24030
24031
24043
24046
24048
24051
24058
24881
24914
24922
24923
24930
24964
24967
24969
24971
24977
24980
24992
25855
25869
25877
25884
25921
25926
25935
25938
25948
25951
25968
25982
26847
26849
26861
26872
26888
26901
26916
26924
26925
26939
26940
26956
27824
27836
27846
27857
27859
27867
27885
27891
27902
27907
27910
27933
28895
28898
28904
28919
28926
28942
28944
28985
28987
28998
29000
29006
29899
29919
29924
29927
29933
29949
29961
29976
30003
30009
30010
30013
30905
30926
30930
30936
30950
30952
30971
30984
30999
31004
31013
31019
31934
31938
31945
31956
31959
31969
31970
32007
32011
32016
32027
32039
32993
33013
33020
33026
33066
33067
33071
33077
33078
33084
33089
33094
33991
33999
34009
34039
34041
34051
34065
34080
34085
34112
34123
34244
34996
35010
35067
35078
35102
35110
35130
35133
35140
35142
35144
35147
36026
36084
36090
36095
36125
36129
36143
36147
36156
36163
36165
36184
37080
37096
37101
37123
37132
37139
37148
37181
37183
37208
37221
37339
38091
38120
38137
38142
38156
38166
38175
38180
38190
38197
38198
38221
39137
39147
39153
39169
39181
39187
39207
39211
39239
39244
39253
39281
40174
40193
40207
40213
40260
40285
40290
40291
40303
40307
40317
40318
41233
41251
41283
41307
41310
41331
41333
41336
41343
41345
41346
41357
42301
42349
42354
42360
42385
42403
42405
42409
42419
42433
42440
42443
43370
43393
43400
43404
43425
43447
43453
43464
43480
43486
43510
43518
44421
44449
44499
44516
44520
44522
44548
44556
44561
44563
44567
44569
45519
45538
45544
45587
45591
45598
45605
45615
45635
45643
45663
45665
46560
46584
46607
46631
46641
46647
46691
46704
46720
46728
46735
46741
47708
47710
47731
47735
47756
47767
47774
47776
47793
47799
47826
47980
48711
48723
48739
48804
48819
48822
48826
48835
48837
48843
48858
48886
49831
49833
49840
49852
49867
49869
49881
49888
49892
49904
49924
50112
50918
50927
50929
50957
50964
50968
50993
51005
51013
51034
51059
51227
52033
52056
52058
52082
52090
52092
52096
52103
52107
52117
52139
52174
53079
53112
53123
53159
53172
53186
53193
53195
53204
53210
53219
53222
54148
54164
54204
54207
54210
54231
54256
54262
54299
54306
54308
54483
55260
55292
55296
55308
55312
55331
55343
55372
55382
55391
55411
55423
56440
56448
56473
56475
56480
56493
56498
56532
56534
56536
56541
56545
57531
57552
57558
57566
57569
57579
57587
Variation requested times for machine: watebuhpc-0-16.local:
480
487
490
494
499
502
505
508
511
514
519
1211
1217
1222
1232
1251
1257
1260
1263
1281
1285
1297
2071
2086
2088
2095
2103
2117
2121
2139
2141
2146
2147
2904
2914
2922
2924
2928
2941
2951
2962
2967
2979
2983
3778
3780
3806
3809
3824
3843
3844
3849
3850
3859
3861
4643
4647
4675
4686
4687
4696
4700
4708
4728
4750
4750
5538
5546
5550
5553
5584
5590
5600
5602
5620
5621
5623
6433
6461
6473
6474
6478
6490
6499
6505
6510
6511
6516
7283
7299
7319
7322
7324
7338
7341
7352
7356
7367
7374
8142
8168
8182
8185
8198
8212
8215
8226
8228
8234
8248
9064
9104
9114
9116
9129
9129
9130
9135
9146
9151
9153
9972
9979
9986
9992
9996
10004
10012
10018
10024
10033
10034
10861
10874
10877
10888
10888
10893
10921
10929
10930
10931
10936
11738
11741
11743
11745
11747
11771
11788
11799
11803
11816
11831
12620
12656
12663
12665
12667
12693
12698
12704
12705
12714
12718
13560
13569
13570
13571
13578
13602
13607
13611
13627
13628
13641
14464
14471
14474
14503
14505
14513
14550
14553
14554
14558
14567
15393
15416
15426
15432
15439
15450
15458
15473
15477
15484
15498
16313
16339
16412
16413
16414
16417
16418
16425
16429
16441
16451
17297
17298
17309
17315
17334
17339
17346
17362
17378
17380
17381
18248
18263
18267
18270
18274
18292
18293
18298
18304
18320
18331
19173
19203
19211
19235
19247
19248
19250
19261
19269
19276
19285
20141
20143
20152
20158
20163
20166
20197
20200
20223
20225
20229
21113
21117
21123
21134
21138
21153
21156
21158
21166
21171
21180
22038
22048
22065
22069
22080
22107
22119
22127
22128
22130
22131
22959
22964
22968
22980
23036
23043
23045
23049
23070
23084
23085
23956
23960
23974
24000
24017
24020
24021
24027
24035
24037
24055
24900
24901
24907
24918
24937
24948
24949
24954
24959
24989
24996
25851
25895
25896
25910
25932
25936
25945
25957
25958
25966
25981
26830
26852
26867
26885
26890
26908
26919
26921
26937
26948
26957
27818
27839
27886
27894
27895
27909
27912
27916
27917
27924
27939
28913
28932
28940
28959
28961
28968
28974
28976
28978
28984
28988
29903
29925
29935
29939
29940
29943
29958
29972
29986
29996
30000
30911
30933
30947
30949
30957
30966
30979
31001
31006
31009
31022
31920
31929
31965
31966
31976
31986
32018
32023
32037
32040
32046
33001
33022
33030
33033
33040
33056
33075
33080
33088
33091
33097
34010
34021
34049
34063
34076
34087
34093
34095
34114
34117
34187
34993
35018
35032
35056
35072
35081
35099
35116
35135
35137
35150
36037
36111
36115
36117
36119
36121
36131
36172
36173
36181
36190
37134
37143
37159
37161
37165
37166
37177
37179
37196
37206
37216
38104
38113
38130
38141
38145
38160
38162
38173
38186
38195
38208
39140
39152
39155
39184
39196
39199
39209
39224
39233
39235
39279
40190
40215
40218
40252
40262
40275
40276
40293
40311
40315
40324
41228
41236
41243
41276
41282
41318
41328
41340
41354
41367
41369
42274
42307
42323
42338
42362
42375
42383
42401
42422
42426
42435
43381
43413
43431
43445
43449
43458
43478
43494
43496
43505
43516
44460
44466
44479
44486
44488
44495
44503
44533
44535
44554
44571
45513
45524
45546
45568
45602
45617
45624
45639
45641
45657
45659
46620
46624
46639
46660
46662
46666
46706
46708
46714
46726
46738
47682
47697
47700
47729
47733
47739
47745
47770
47787
47805
47818
48728
48765
48769
48773
48784
48799
48815
48850
48852
48864
48873
49784
49816
49824
49848
49876
49912
49927
49932
49934
49936
49940
50924
50944
50959
50989
51007
51011
51049
51051
51055
51061
51063
51952
51986
52016
52021
52035
52053
52071
52076
52099
52130
52141
53073
53083
53107
53127
53131
53151
53163
53167
53169
53174
53206
54166
54169
54199
54214
54222
54254
54260
54274
54278
54286
54302
55316
55319
55326
55338
55350
55352
55375
55387
55395
55407
55418
56392
56402
56409
56431
56435
56445
56452
56468
56525
56527
56538
57560
57581
57583
Variation requested times for machine: watebuhpc-0-4.local:
481
488
491
496
499
503
506
509
511
514
519
524
1216
1223
1224
1231
1237
1256
1259
1280
1284
1286
1297
1300
2078
2100
2108
2111
2115
2124
2125
2126
2137
2140
2143
2144
2916
2919
2925
2929
2932
2940
2943
2948
2967
2970
2972
2982
3758
3773
3775
3792
3794
3815
3825
3834
3840
3842
3853
3856
4638
4664
4671
4681
4692
4709
4717
4719
4721
4722
4723
4729
5533
5536
5558
5579
5581
5583
5595
5603
5613
5619
5622
5625
6429
6440
6445
6462
6471
6487
6490
6494
6509
6514
6515
6516
7306
7316
7327
7328
7333
7335
7343
7358
7361
7362
7376
7410
8167
8178
8187
8195
8196
8200
8217
8222
8229
8243
8247
8250
9038
9082
9084
9092
9111
9115
9137
9140
9143
9150
9154
9158
9941
9956
9957
9967
9996
9997
10013
10026
10028
10029
10035
10037
10853
10854
10869
10886
10905
10915
10917
10919
10923
10927
10932
10935
11734
11736
11750
11751
11775
11786
11789
11790
11798
11801
11813
11823
12626
12641
12646
12661
12664
12678
12687
12691
12696
12711
12712
12721
13536
13551
13562
13575
13590
13595
13599
13600
13609
13617
13636
13644
14467
14473
14477
14506
14508
14510
14512
14526
14544
14549
14562
14566
15402
15420
15428
15445
15462
15463
15480
15482
15488
15496
15501
15503
16369
16371
16379
16386
16387
16393
16395
16399
16403
16420
16439
16449
17288
17304
17316
17322
17332
17343
17354
17356
17369
17372
17373
17374
18234
18241
18287
18288
18295
18306
18311
18313
18324
18327
18328
18332
19185
19222
19229
19234
19254
19258
19265
19266
19268
19273
19278
19281
20145
20146
20148
20151
20153
20169
20170
20191
20220
20232
20235
20236
21076
21080
21097
21100
21133
21137
21139
21144
21146
21162
21173
21183
22032
22041
22054
22056
22062
22087
22099
22103
22108
22112
22116
22125
22982
22986
23014
23017
23022
23055
23073
23080
23083
23092
23093
23100
23944
23945
23963
23981
23997
23998
24002
24012
24013
24044
24050
24062
24858
24889
24898
24910
24919
24960
24962
24972
24982
24983
24986
24993
25863
25871
25882
25886
25912
25913
25949
25954
25960
25961
25978
25979
26841
26864
26881
26883
26893
26910
26928
26932
26933
26935
26945
26954
27828
27861
27866
27869
27872
27881
27888
27898
27919
27922
27926
27928
28862
28911
28916
28921
28934
28947
28972
28982
28990
28992
28994
29002
29894
29913
29929
29951
29955
29960
29963
29966
29974
29982
29998
30007
30907
30920
30924
30935
30943
30955
30959
30974
30981
30992
31011
31015
31930
31952
31962
31967
31979
31983
31987
31995
32003
32026
32030
32043
32986
33011
33025
33032
33036
33045
33048
33051
33064
33069
33095
33099
34013
34027
34029
34054
34069
34089
34097
34098
34107
34119
34121
34125
35037
35046
35048
35058
35071
35074
35080
35083
35106
35114
35123
35138
36049
36072
36104
36106
36127
36137
36138
36142
36150
36161
36167
36169
37109
37119
37141
37151
37153
37157
37162
37169
37185
37190
37193
37198
38109
38139
38149
38153
38178
38182
38188
38191
38193
38200
38202
38213
39150
39164
39168
39173
39176
39178
39191
39201
39248
39260
39271
39273
40169
40176
40221
40234
40256
40264
40268
40279
40295
40297
40301
40313
41200
41255
41258
41272
41278
41297
41299
41315
41322
41338
41348
41352
42298
42342
42347
42364
42369
42376
42381
42412
42421
42424
42431
42437
43360
43408
43460
43462
43470
43472
43476
43482
43484
43490
43503
43521
44419
44468
44497
44509
44524
44527
44531
44539
44541
44543
44560
44565
45540
45558
45566
45574
45583
45585
45606
45626
45630
45632
45647
45669
46599
46627
46649
46655
46671
46673
46679
46684
46711
46716
46732
46748
47690
47715
47721
47750
47758
47772
47778
47780
47801
47810
47814
47824
48735
48746
48750
48786
48789
48806
48824
48828
48830
48841
48847
48860
49811
49845
49857
49859
49872
49890
49900
49903
49914
49918
49938
49952
50899
50940
50942
50953
50966
50970
50973
51021
51027
51036
51053
51057
52023
52050
52063
52079
52084
52094
52097
52105
52110
52121
52132
52143
53048
53060
53096
53103
53116
53125
53143
53148
53153
53181
53188
53199
54153
54172
54174
54187
54220
54243
54270
54276
54283
54288
54292
54312
55321
55323
55335
55345
55356
55368
55370
55379
55389
55398
55413
55427
56389
56404
56413
56420
56433
56463
56486
56491
56500
56508
56520
56725
57520
57571
57576
